('D = ', [-0.006753011887313569, -0.11894467306212952, 0.006135613404846295, 0.002539405782861312, 0.0])
('K = ', [513.0846312016644, 0.0, 321.82706370387876, 0.0, 514.709510199561, 243.29942805895, 0.0, 0.0, 1.0])
('R = ', [1.0, 0.0, 0.0, 0.0, 1.0, 0.0, 0.0, 0.0, 1.0])
('P = ', [500.7417297363281, 0.0, 323.2639180630031, 0.0, 0.0, 509.6585693359375, 245.02517427851126, 0.0, 0.0, 0.0, 1.0, 0.0])
None
# oST version 5.0 parameters


[image]

width
640

height
480

[narrow_stereo]

camera matrix
513.084631 0.000000 321.827064
0.000000 514.709510 243.299428
0.000000 0.000000 1.000000

distortion
-0.006753 -0.118945 0.006136 0.002539 0.000000

rectification
1.000000 0.000000 0.000000
0.000000 1.000000 0.000000
0.000000 0.000000 1.000000

projection
500.741730 0.000000 323.263918 0.000000
0.000000 509.658569 245.025174 0.000000
0.000000 0.000000 1.000000 0.000000

